*************************************************
******************* ORCA 6.1.1 ******************
*************************************************
$Calculation_Status
   &GeometryIndex 1
   &version [&Type "String"] "6.1.1"
   &progName [&Type "String"] "LeanSCF"
   &Status [&Type "String"] "NORMAL TERMINATION"
$End
$Geometry
   &GeometryIndex 1
   &NAtoms [&Type "Integer"] 29
   &NCorelessECP [&Type "Integer"] 0
   &NGhostAtoms [&Type "Integer"] 0
   &CartesianCoordinates [&Type "Coordinates", &Dim(29,4), &Units "Bohr"] 
              Fe     0.000000000000    0.000000000000   -1.325506822664
              C      3.613723285898   -0.617562500565   -1.325506822664
              C      5.097158301026    1.905599833446   -1.325506822664
              C      7.689673584152    1.210747534003   -0.187702717430
              C      7.280358903545   -1.183913422902    1.410438674027
              C      4.453517579812   -1.860624351459    1.187828935451
              C     -3.613723285898    0.617562500565   -1.325506822664
              C     -5.097158301026   -1.905599833446   -1.325506822664
              C     -7.689673584152   -1.210747534003   -0.187702717430
              C     -7.280358903545    1.183913422902    1.410438674027
              C     -4.453517579812    1.860624351459    1.187828935451
              H      4.152484206679   -1.781066881221   -2.937443214899
              H      5.319390094375    2.611223571852   -3.247925218702
              H      4.144358384303    3.302107446414   -0.148774359071
              H      9.042528523427    0.831290526312   -1.693814446165
              H      8.371486773271    2.746338990428    1.004147555234
              H      8.434603626144   -2.725552002955    0.679681578040
              H      7.763750848602   -0.810503538839    3.377454606826
              H      3.396782725723   -1.072419581000    2.770285599997
              H      4.206152428882   -3.903607274841    1.099578724997
              H     -4.152484206679    1.781066881221   -2.937443214899
              H     -5.319390094375   -2.611223571852   -3.247925218702
              H     -4.144358384303   -3.302107446414   -0.148774359071
              H     -9.042528523427   -0.831290526312   -1.693814446165
              H     -8.371486773271   -2.746338990428    1.004147555234
              H     -8.434603626144    2.725552002955    0.679681578040
              H     -7.763750848602    0.810503538839    3.377454606826
              H     -3.396782725723    1.072419581000    2.770285599997
              H     -4.206152428882    3.903607274841    1.099578724997
$End
$SCF_Mulliken_Population_Analysis
   &GeometryIndex 1
   &NAtoms [&Type "Integer"] 29
   &ATNO [&Type "ArrayOfIntegers", &Dim (29,1)] 
                                                         0

0                                                       26
1                                                        6
2                                                        6
3                                                        6
4                                                        6
5                                                        6
6                                                        6
7                                                        6
8                                                        6
9                                                        6
10                                                       6
11                                                       1
12                                                       1
13                                                       1
14                                                       1
15                                                       1
16                                                       1
17                                                       1
18                                                       1
19                                                       1
20                                                       1
21                                                       1
22                                                       1
23                                                       1
24                                                       1
25                                                       1
26                                                       1
27                                                       1
28                                                       1
   &AtomicCharges [&Type "ArrayOfDoubles", &Dim (29,1)] 
                                                         0

0                                      1.1024600036764589e+00
1                                     -6.5826465633952580e-01
2                                      2.6395193584439980e-02
3                                     -3.9159262881225843e-02
4                                     -3.7495487243842440e-02
5                                      2.2011730350887326e-02
6                                     -6.5826465629327391e-01
7                                      2.6395193544590967e-02
8                                     -3.9159262804321138e-02
9                                     -3.7495487230060576e-02
10                                     2.2011730233338689e-02
11                                     1.2933272170248866e-02
12                                     2.1833616336794037e-02
13                                    -5.3849933178571341e-03
14                                     2.4848058877934842e-02
15                                     1.9596056580829302e-02
16                                     2.4916910320551322e-02
17                                     1.9449861430031801e-02
18                                    -5.0154037858176626e-03
19                                     2.2105102066004467e-02
20                                     1.2933272177685362e-02
21                                     2.1833616342066597e-02
22                                    -5.3849933458907095e-03
23                                     2.4848058876780987e-02
24                                     1.9596056597461331e-02
25                                     2.4916910288301120e-02
26                                     1.9449861454676975e-02
27                                    -5.0154037649057237e-03
28                                     2.2105102097509377e-02
   &Method [&Type "String"] "SCF"
   &Level [&Type "String"] "Relaxed density"
   &Mult [&Type "Integer"] 1
   &State [&Type "Integer"] -1
   &Irrep [&Type "Integer"] 0
$End
$SCF_Loewdin_Population_Analysis
   &GeometryIndex 1
   &NAtoms [&Type "Integer"] 29
   &ATNO [&Type "ArrayOfIntegers", &Dim (29,1)] 
                                                         0

0                                                       26
1                                                        6
2                                                        6
3                                                        6
4                                                        6
5                                                        6
6                                                        6
7                                                        6
8                                                        6
9                                                        6
10                                                       6
11                                                       1
12                                                       1
13                                                       1
14                                                       1
15                                                       1
16                                                       1
17                                                       1
18                                                       1
19                                                       1
20                                                       1
21                                                       1
22                                                       1
23                                                       1
24                                                       1
25                                                       1
26                                                       1
27                                                       1
28                                                       1
   &AtomicCharges [&Type "ArrayOfDoubles", &Dim (29,1)] 
                                                         0

0                                      8.6717800575618753e-01
1                                     -3.3358325539556422e-01
2                                     -3.3845630199619059e-02
3                                     -2.5930200414824078e-02
4                                     -2.5622892587718660e-02
5                                     -3.5399779167535783e-02
6                                     -3.3358325537077160e-01
7                                     -3.3845630193765075e-02
8                                     -2.5930200405534620e-02
9                                     -2.5622892563978539e-02
10                                    -3.5399779207932802e-02
11                                    -1.3229798800325598e-02
12                                     8.0455709493667538e-03
13                                    -8.6581999447925551e-03
14                                     1.1269751153267893e-02
15                                     6.6162205500159832e-03
16                                     1.1322134227034653e-02
17                                     6.5215484571004012e-03
18                                    -8.9424136435147794e-03
19                                     7.8479419224743996e-03
20                                    -1.3229798794488046e-02
21                                     8.0455709572504475e-03
22                                    -8.6581999513657415e-03
23                                     1.1269751155565944e-02
24                                     6.6162205558117915e-03
25                                     1.1322134223757274e-02
26                                     6.5215484547725966e-03
27                                    -8.9424136432834089e-03
28                                     7.8479419222259317e-03
   &Method [&Type "String"] "SCF"
   &Level [&Type "String"] "Relaxed density"
   &Mult [&Type "Integer"] 1
   &State [&Type "Integer"] -1
   &Irrep [&Type "Integer"] 0
$End
$SCF_Mayer_Population_Analysis
   &GeometryIndex 1
   &NAtoms [&Type "Integer"] 29 "Total number of atoms"
   &NBondOrdersPrint [&Type "Integer"] 30 "The number of bond orders larger than threshold"
   &bondThresh [&Type "Double"]       1.0000000000000001e-01  "The threshold for printing"
   &components [&Type "ArrayOfIntegers", &Dim (30,4)] "The indices and atomic numbers of the bonding atoms"
                                                         0                           1                           2                           3

0                                                        0                          26                           1                           6
1                                                        0                          26                           6                           6
2                                                        1                           6                           2                           6
3                                                        1                           6                           5                           6
4                                                        1                           6                          11                           1
5                                                        2                           6                           3                           6
6                                                        2                           6                          12                           1
7                                                        2                           6                          13                           1
8                                                        3                           6                           4                           6
9                                                        3                           6                          14                           1
10                                                       3                           6                          15                           1
11                                                       4                           6                           5                           6
12                                                       4                           6                          16                           1
13                                                       4                           6                          17                           1
14                                                       5                           6                          18                           1
15                                                       5                           6                          19                           1
16                                                       6                           6                           7                           6
17                                                       6                           6                          10                           6
18                                                       6                           6                          20                           1
19                                                       7                           6                           8                           6
20                                                       7                           6                          21                           1
21                                                       7                           6                          22                           1
22                                                       8                           6                           9                           6
23                                                       8                           6                          23                           1
24                                                       8                           6                          24                           1
25                                                       9                           6                          10                           6
26                                                       9                           6                          25                           1
27                                                       9                           6                          26                           1
28                                                      10                           6                          27                           1
29                                                      10                           6                          28                           1
   &BondOrders [&Type "ArrayOfDoubles", &Dim (30,1)] "The bond orders"
                                                         0

0                                      7.4672007637625137e-01
1                                      7.4672007639406934e-01
2                                      9.4151580473890839e-01
3                                      9.3957887382653060e-01
4                                      9.5463053322852287e-01
5                                      1.0423008524232062e+00
6                                      9.7271497731756018e-01
7                                      9.7282862109616020e-01
8                                      1.0342197576254051e+00
9                                      9.7308984755277572e-01
10                                     9.7741045705425800e-01
11                                     1.0424349427606792e+00
12                                     9.7326855651335853e-01
13                                     9.7737243078440672e-01
14                                     9.7339181081951132e-01
15                                     9.7275831803345447e-01
16                                     9.4151580475578911e-01
17                                     9.3957887375317584e-01
18                                     9.5463053325425129e-01
19                                     1.0423008524752524e+00
20                                     9.7271497730307277e-01
21                                     9.7282862109556645e-01
22                                     1.0342197577671868e+00
23                                     9.7308984752618255e-01
24                                     9.7741045702064366e-01
25                                     1.0424349427652078e+00
26                                     9.7326855655734890e-01
27                                     9.7737243075791436e-01
28                                     9.7339181082171866e-01
29                                     9.7275831803491952e-01
   &ATNO [&Type "ArrayOfIntegers", &Dim (29,1)] "Atomic number of the elements"
                                                         0

0                                                       26
1                                                        6
2                                                        6
3                                                        6
4                                                        6
5                                                        6
6                                                        6
7                                                        6
8                                                        6
9                                                        6
10                                                       6
11                                                       1
12                                                       1
13                                                       1
14                                                       1
15                                                       1
16                                                       1
17                                                       1
18                                                       1
19                                                       1
20                                                       1
21                                                       1
22                                                       1
23                                                       1
24                                                       1
25                                                       1
26                                                       1
27                                                       1
28                                                       1
   &NA [&Type "ArrayOfDoubles", &Dim (29,1)] "Mulliken gross atomic population"
                                                         0

0                                      2.4897539996323562e+01
1                                      6.6582646563395205e+00
2                                      5.9736048064155707e+00
3                                      6.0391592628812321e+00
4                                      6.0374954872438478e+00
5                                      5.9779882696491065e+00
6                                      6.6582646562932712e+00
7                                      5.9736048064554215e+00
8                                      6.0391592628043096e+00
9                                      6.0374954872300641e+00
10                                     5.9779882697666560e+00
11                                     9.8706672782975102e-01
12                                     9.7816638366320574e-01
13                                     1.0053849933178562e+00
14                                     9.7515194112206505e-01
15                                     9.8040394341917125e-01
16                                     9.7508308967944812e-01
17                                     9.8055013856996787e-01
18                                     1.0050154037858186e+00
19                                     9.7789489793399431e-01
20                                     9.8706672782231419e-01
21                                     9.7816638365793340e-01
22                                     1.0053849933458914e+00
23                                     9.7515194112321879e-01
24                                     9.8040394340253811e-01
25                                     9.7508308971169821e-01
26                                     9.8055013854532269e-01
27                                     1.0050154037649066e+00
28                                     9.7789489790248862e-01
   &ZA [&Type "ArrayOfDoubles", &Dim (29,1)] "Total nuclear charge"
                                                         0

0                                      2.6000000000000000e+01
1                                      6.0000000000000000e+00
2                                      6.0000000000000000e+00
3                                      6.0000000000000000e+00
4                                      6.0000000000000000e+00
5                                      6.0000000000000000e+00
6                                      6.0000000000000000e+00
7                                      6.0000000000000000e+00
8                                      6.0000000000000000e+00
9                                      6.0000000000000000e+00
10                                     6.0000000000000000e+00
11                                     1.0000000000000000e+00
12                                     1.0000000000000000e+00
13                                     1.0000000000000000e+00
14                                     1.0000000000000000e+00
15                                     1.0000000000000000e+00
16                                     1.0000000000000000e+00
17                                     1.0000000000000000e+00
18                                     1.0000000000000000e+00
19                                     1.0000000000000000e+00
20                                     1.0000000000000000e+00
21                                     1.0000000000000000e+00
22                                     1.0000000000000000e+00
23                                     1.0000000000000000e+00
24                                     1.0000000000000000e+00
25                                     1.0000000000000000e+00
26                                     1.0000000000000000e+00
27                                     1.0000000000000000e+00
28                                     1.0000000000000000e+00
   &QA [&Type "ArrayOfDoubles", &Dim (29,1)] "Mulliken gross atomic charge"
                                                         0

0                                      1.1024600036764376e+00
1                                     -6.5826465633952047e-01
2                                      2.6395193584429322e-02
3                                     -3.9159262881232060e-02
4                                     -3.7495487243847769e-02
5                                      2.2011730350893544e-02
6                                     -6.5826465629327124e-01
7                                      2.6395193544578532e-02
8                                     -3.9159262804309591e-02
9                                     -3.7495487230064128e-02
10                                     2.2011730233344018e-02
11                                     1.2933272170248977e-02
12                                     2.1833616336794259e-02
13                                    -5.3849933178562459e-03
14                                     2.4848058877934953e-02
15                                     1.9596056580828747e-02
16                                     2.4916910320551877e-02
17                                     1.9449861430032134e-02
18                                    -5.0154037858185507e-03
19                                     2.2105102066005688e-02
20                                     1.2933272177685806e-02
21                                     2.1833616342066597e-02
22                                    -5.3849933458913757e-03
23                                     2.4848058876781209e-02
24                                     1.9596056597461886e-02
25                                     2.4916910288301786e-02
26                                     1.9449861454677309e-02
27                                    -5.0154037649066119e-03
28                                     2.2105102097511375e-02
   &VA [&Type "ArrayOfDoubles", &Dim (29,1)] "Mayer's total valence"
                                                         0

0                                      1.5572506650787354e+00
1                                      3.5048513265094012e+00
2                                      3.8561132546060475e+00
3                                      3.9491520433475662e+00
4                                      3.9492767927524763e+00
5                                      3.8521179690321534e+00
6                                      3.5048513264871062e+00
7                                      3.8561132548122399e+00
8                                      3.9491520434468446e+00
9                                      3.9492767929293158e+00
10                                     3.8521179688150875e+00
11                                     9.5944608141922538e-01
12                                     9.7029980740994759e-01
13                                     9.6183797580770491e-01
14                                     9.7053647970877410e-01
15                                     9.6921024061535754e-01
16                                     9.7063380208461469e-01
17                                     9.6922359794241053e-01
18                                     9.6247321937142183e-01
19                                     9.7010789877067516e-01
20                                     9.5944608144308197e-01
21                                     9.7029980739512722e-01
22                                     9.6183797570435314e-01
23                                     9.7053647970889245e-01
24                                     9.6921024059153182e-01
25                                     9.7063380211900763e-01
26                                     9.6922359793078761e-01
27                                     9.6247321936980779e-01
28                                     9.7010789874901104e-01
   &BVA [&Type "ArrayOfDoubles", &Dim (29,1)] "Mayer's bonded valence"
                                                         0

0                                      1.5572506650787772e+00
1                                      3.5048513265094119e+00
2                                      3.8561132546060586e+00
3                                      3.9491520433475533e+00
4                                      3.9492767927525017e+00
5                                      3.8521179690321614e+00
6                                      3.5048513264870786e+00
7                                      3.8561132548122670e+00
8                                      3.9491520434468943e+00
9                                      3.9492767929293211e+00
10                                     3.8521179688150688e+00
11                                     9.5944608141922383e-01
12                                     9.7029980740995903e-01
13                                     9.6183797580771868e-01
14                                     9.7053647970877577e-01
15                                     9.6921024061535699e-01
16                                     9.7063380208461170e-01
17                                     9.6922359794241808e-01
18                                     9.6247321937142438e-01
19                                     9.7010789877067305e-01
20                                     9.5944608144307353e-01
21                                     9.7029980739514299e-01
22                                     9.6183797570435947e-01
23                                     9.7053647970889978e-01
24                                     9.6921024059153316e-01
25                                     9.7063380211901251e-01
26                                     9.6922359793079593e-01
27                                     9.6247321936980212e-01
28                                     9.7010789874900705e-01
   &FA [&Type "ArrayOfDoubles", &Dim (29,1)] "Mayer's free valence"
                                                         0

0                                      0.0000000000000000e+00
1                                      0.0000000000000000e+00
2                                      0.0000000000000000e+00
3                                      0.0000000000000000e+00
4                                      0.0000000000000000e+00
5                                      0.0000000000000000e+00
6                                      0.0000000000000000e+00
7                                      0.0000000000000000e+00
8                                      0.0000000000000000e+00
9                                      0.0000000000000000e+00
10                                     0.0000000000000000e+00
11                                     0.0000000000000000e+00
12                                     0.0000000000000000e+00
13                                     0.0000000000000000e+00
14                                     0.0000000000000000e+00
15                                     0.0000000000000000e+00
16                                     0.0000000000000000e+00
17                                     0.0000000000000000e+00
18                                     0.0000000000000000e+00
19                                     0.0000000000000000e+00
20                                     0.0000000000000000e+00
21                                     0.0000000000000000e+00
22                                     0.0000000000000000e+00
23                                     0.0000000000000000e+00
24                                     0.0000000000000000e+00
25                                     0.0000000000000000e+00
26                                     0.0000000000000000e+00
27                                     0.0000000000000000e+00
28                                     0.0000000000000000e+00
   &Method [&Type "String"] "SCF"
   &Level [&Type "String"] "Relaxed density"
   &Mult [&Type "Integer"] 1
   &State [&Type "Integer"] -1
   &Irrep [&Type "Integer"] 0
$End
$SCF_Energy
   &GeometryIndex 1
   &Method [&Type "String"] "SCF"
   &totalEnergy [&Type "ArrayOfDoubles", &Dim (1,1)] "Total energy of each state"
                                                         0

0                                     -1.6509024569761891e+03
   &Mult [&Type "ArrayOfIntegers", &Dim (1,1)] "Multiplicity of each state"
                                                         0

0                                                        1
$End
$SCF_Timings
   &GeometryIndex 1
   &TOTAL [&Type "Double"]       5.8536000000000001e+01
   &PREP [&Type "Double"]       1.3100000000000001e-01
   &FOCK [&Type "Double"]       4.6530999999999999e+01
   &DENS [&Type "Double"]       9.0999999999993975e-02
   &ETOT [&Type "Double"]       6.7000000000003723e-02
   &POP [&Type "Double"]       1.2000000000000455e-01
   &TRAFO [&Type "Double"]       5.0000000000004263e-02
   &DIIS [&Type "Double"]       8.9999999999999858e-02
   &SOSCF [&Type "Double"]       2.3500000000000654e-01
   &J [&Type "Double"]       5.7722999999999992e+01
   &FOCKSTART [&Type "Double"]       6.9999999999942331e-03
$End
$Single_Point_Data
   &GeometryIndex 1
   &FinalEnergy [&Type "Double"]      -1.6509024569761891e+03  "Final single point energy"
   &Converged [&Type "Boolean"] true
$End
$Calculation_Info
   &GeometryIndex 1
   &Mult [&Type "Integer"] 1
   &Charge [&Type "Integer"] 0
   &NumOfAtoms [&Type "Integer"] 29
   &NumOfElectrons [&Type "Integer"] 104
   &NumOfBasisFuncts [&Type "Integer"] 261
   &NumOfAuxCBasisFuncts [&Type "Integer"] 0
   &NumOfAuxJBasisFuncts [&Type "Integer"] 0
   &NumOfAuxJKBasisFuncts [&Type "Integer"] 0
   &NumOfCABSBasisFuncts [&Type "Integer"] 0
$End
$SCF_Dipole_Moment
   &GeometryIndex 1
   &dipoleMagnitude [&Type "Double", &Units "a.u."]       2.2233868045838356e-01
   &dipoleElecContrib [&Type "ArrayOfDoubles", &Dim (3,1)] "Electronic contribution"
                                                         0

0                                     -3.1824183566175890e-10
1                                     -5.7377203682706934e-11
2                                     -6.4640338795959131e+00
   &dipoleNucContrib [&Type "ArrayOfDoubles", &Dim (3,1)] "Nuclear contribution"
                                                         0

0                                      0.0000000000000000e+00
1                                      0.0000000000000000e+00
2                                      6.2416951991375296e+00
   &dipoleTotal [&Type "ArrayOfDoubles", &Dim (3,1)] "Total"
                                                         0

0                                     -3.1822762480704370e-10
1                                     -5.7376759593497084e-11
2                                     -2.2233868045838356e-01
   &doAtomicDipole [&Type "Boolean"] false
   &Method [&Type "String"] "SCF"
   &Level [&Type "String"] "Relaxed density"
   &Mult [&Type "Integer"] 1
   &State [&Type "Integer"] -1
   &Irrep [&Type "Integer"] 0
$End
$Calculation_Timings
   &GeometryIndex 1
   &GTOINT [&Type "Double"]       3.0449999999999999e+00
   &SCF [&Type "Double"]       5.9399999999999999e+01
   &PROP [&Type "Double"]       1.7999999999999972e-01
   &SUM [&Type "Double"]       6.2625000000000000e+01
$End
